0,558
0,555
0,549
0,548
0,547
0,546
0,545
0,543
0,542
0,541
0,538
0,446
0,445
0,444
67,11
33,34
0,443
0,442
0,441
0,368
0,439
0,430
0,429
33,160
0,428
0,372
0,426
0,425
0,424
36,95
0,422
33,159
33,158
33,157
34,260
33,156
33,155
33,154
33,153
33,152
33,151
33,150
33,149
33,148
33,147
33,146
33,145
33,144
33,143
33,142
33,141
33,140
33,139
33,138
33,137
33,136
33,134
33,133
33,132
33,131
33,130
33,129
33,446
33,445
33,444
33,443
33,442
33,441
33,415
33,414
33,413
33,412
33,410
33,409
33,408
33,407
33,406
33,395
33,345
33,394
95,35
33,90
33,88
33,87
33,86
33,85
33,84
33,83
33,82
33,81
33,80
8,14
33,79
33,78
33,76
33,75
33,74
33,71
33,70
33,69
33,68
33,67
33,66
33,65
33,64
33,41
33,40
33,33
33,32
33,31
33,30
33,28
33,27
33,26
33,25
33,24
33,23
33,21
33,20
33,19
33,18
33,16
33,4
33,1
31,14
31,1
29,8
29,3
29,1
28,7
28,5
28,3
28,1
27,6
27,1
25,3
25,1
20,3
20,2
20,1
19,3
19,2
19,1
14,9
14,6
12,3
12,2
12,1
11,17
11,16
11,3
11,2
11,1
9,7
9,6
9,5
9,4
9,3
9,2
9,1
8,17
8,16
18,1
8,15
8,13
8,12
8,11
8,10
8,9
8,8
8,7
8,6
18,3
14,1
8,5
8,3
8,2
14,4
8,1
0,574
0,573
0,572
0,571
0,570
0,569
0,568
0,567
0,566
14,3
13,1
0,565
0,564
0,563
0,562
0,561
0,560
0,559
13,3
0,557
0,471
0,469
0,466
0,462
0,461
0,460
0,459
0,458
0,457
0,456
0,454
0,374
0,363
2,2
0,352
0,348
2,1
0,346
2,3
0,332
0,318
0,312
0,308
0,304
0,0
95,34
95,33
95,32
95,31
95,30
95,29
95,28
95,27
95,26
95,25
95,24
95,23
95,22
95,21
95,20
95,19
95,18
95,17
95,16
95,15
95,14
95,13
95,12
95,11
95,10
95,9
95,8
95,7
95,6
95,5
95,4
95,3
95,2
95,0
0,276
0,275
0,272
0,271
0,12
0,317
0,10
0,8
0,509
0,432
0,268
0,321
0,508
